0.02022    0.01682    0.02062    0.02653    0.03664     0.05517     1.0   0.0145    185.0   180.0   1.0  19100.0
0.17505    0.14562    0.17847    0.2296     0.31714     0.47746     1.0   0.0145    368.0   180.0   1.0  19100.0
0.37255    0.3099     0.3798     0.4886     0.6749      1.01609     1.0   0.0145    500.0   180.0   1.0  19100.0
0.60076    0.4998     0.6125     0.7880     1.0884      1.6386      1.0   0.0145    733.0   180.0   1.0  19100.0
0.72967    0.60695    0.7439     0.9570     1.3218      1.9900      1.0   0.0145    1000.0   180.0   1.0  19100.0
0.86892    0.72283    0.8859     1.1397     1.5742      2.3700      1.0   0.0145    1076.0  180.0   1.0  19100.0
0.9257     0.7701     0.9438     1.2143     1.6771      2.5249      1.0   0.0145    1444.0  180.0   1.0  19100.0
0.9077     0.7551     0.9254     1.1906     1.6444      2.4757      1.0   0.0145    2000.0  180.0   1.0  19100.0
0.9040     0.7521     0.9217     1.1859     1.6379      2.4659      1.0   0.0145    2161.0  180.0   1.0  19100.0
0.8571     0.7130     0.8738     1.1243     1.5528      2.3399      1.0   0.0145    3000.0  180.0   1.0  19100.0
0.6519     0.5423     0.6646     0.8550     1.1809      1.77795     1.0   0.0145    6000.0  180.0   1.0  19100.0
0.4411     0.3669     20.449     0.5787     0.7992      1.20324     1.0   0.0145    12000.0 180.0   1.0  19100.0
