27.3743    11.7092    17.1555    27.3750    45.4886     72.9198     1.0   0.0145    185.0   180.0   1.0  19100.0
3.1639     1.3567     1.9878     3.1719     5.2707      8.4490     1.0   0.0145    368.0   180.0   1.0  19100.0
1.4869     0.6366     0.9327     1.4883     2.4731      3.9644     1.0   0.0145    500.0   180.0   1.0  19100.0
0.9204     0.3944     0.5764     0.9180     1.5254      2.4650      1.0   0.0145    733.0   180.0   1.0  19100.0
0.7573     0.3250     0.4761     0.7598     1.2625      2.0238      1.0   0.0145    1000.0   180.0   1.0  19100.0
0.6358     0.2723     0.3990     0.6367     1.0580      1.6961      1.0   0.0145    1076.0  180.0   1.0  19100.0
0.5974     0.2556     0.3745     0.5977     0.9931      1.5920      1.0   0.0145    1444.0  180.0   1.0  19100.0
0.6090     0.2607     0.3819     0.6094     1.0126      1.6232      1.0   0.0145    2000.0  180.0   1.0  19100.0
0.6114     0.2615     0.3831     0.6113     1.0158      1.6284      1.0   0.0145    2161.0  180.0   1.0  19100.0
0.6464     0.2765     0.4051     0.6465     1.0743      1.7221      1.0   0.0145    3000.0  180.0   1.0  19100.0
0.8500     0.3626     0.5312     0.8477     1.4085      2.2579     1.0   0.0145    6000.0  180.0   1.0  19100.0
1.2552     0.5363     0.7858     1.2539     2.0836      3.3401     1.0   0.0145    12000.0 180.0   1.0  19100.0
