12.3202    5.2798     7.7357     12.3438    20.5114     32.8805     1.0   0.368    93.0    100.0   1.0  19100.0
1.9837     0.7837     1.1798     1.9766     3.5681      5.9914      1.0   0.368    185.0   100.0   1.0  19100.0
0.3290     0.1395     0.2054     0.3291     0.5521      0.9061      1.0   0.368    733.0   100.0   1.0  19100.0
0.3690     0.1583     0.2319     0.3701     0.6150      0.9939      1.0   0.368    1444.0  100.0   1.0  19100.0
0.3806     0.1625     0.2381     0.3799     0.6312      1.0119      1.0   0.368    2161.0  100.0   1.0  19100.0
2.5574     1.0129     1.5248     2.5547     4.6117      7.7438      1.0   0.133    185.0   120.0   1.0  19100.0
0.5983     0.2486     0.3686     0.5977     1.0217      1.7241      1.0   0.133    368.0   120.0   1.0  19100.0
0.3102     0.1318     0.1936     0.3096     0.5218      0.8529      1.0   0.133    733.0   120.0   1.0  19100.0
0.2786     0.1190     0.1744     0.2783     0.4625      0.7474      1.0   0.133    1076.0  120.0   1.0  19100.0
0.2954     0.1266     0.1854     0.2959     0.4917      0.7946      1.0   0.133    1444.0  120.0   1.0  19100.0
0.3863     0.1650     0.2417     0.3857     0.6410      1.0275      1.0   0.133    2161.0  120.0   1.0  19100.0
0.8229     0.3429     0.5083     0.8242     1.4090      2.3777      1.0   0.0574    368.0   140.0   1.0  19100.0
0.3871     0.1635     0.2408     0.3857     0.6471      1.0621      1.0   0.0574    733.0   140.0   1.0  19100.0
0.3295     0.1408     0.2062     0.3291     0.5521      0.8851      1.0   0.0574    1076.0  140.0   1.0  19100.0
0.3337     0.1424     0.2087     0.3330     0.5534      0.8942      1.0   0.0574    1444.0  140.0   1.0  19100.0
0.3824     0.1633     0.2393     0.3818     0.6345      1.0171      1.0   0.0574    2161.0  140.0   1.0  19100.0
312.6749   133.9878   196.3094   313.2500   520.5222    834.4156     1.0   0.0145    93.0    180.0   1.0  19100.0
21.3181    8.4501     12.7208    21.3125    38.4729     64.6025      1.0   0.0145    185.0   180.0   1.0  19100.0
2.6282     1.0953     1.6178     2.6328     4.5008      7.5405       1.0   0.0145    368.0   180.0   1.0  19100.0
0.8064     0.3427     0.5029     0.8086     1.3565      2.2091       1.0   0.0145    733.0   180.0   1.0  19100.0
0.5743     0.2448     0.3586     0.5723     0.9600      1.5390       1.0   0.0145    1076.0  180.0   1.0  19100.0
0.5801     0.2481     0.3635     0.5801     0.9639      1.5577       1.0   0.0145    1444.0  180.0   1.0  19100.0
0.5521     0.2364     0.3464     0.5527     0.9185      1.4723       1.0   0.0145    2161.0  180.0   1.0  19100.0
