26.8127    11.5734    16.8713    26.8125    44.1264     69.5511     1.0   0.0145    185.0   180.0   1.0  19100.0
3.0978     1.3354     1.9467     3.0938     5.0915      8.0251      1.0   0.0145    368.0   180.0   1.0  19100.0
1.4553     0.6289     0.9168     1.4570     2.3979      3.7795      1.0   0.0145    500.0   180.0   1.0  19100.0
0.9028     0.3895     0.5678     0.9023     1.4850      2.3407      1.0   0.0145    733.0   180.0   1.0  19100.0
0.7411     0.3204     0.4670     0.7422     1.2214      1.9252      1.0   0.0145    1000.0  180.0   1.0  19100.0
0.6224     0.2689     0.3920     0.6230     1.0254      1.6162      1.0   0.0145    1076.0  180.0   1.0  19100.0
0.5856     0.2521     0.3701     0.5840     0.9611      1.5148      1.0   0.0145    1444.0  180.0   1.0  19100.0
0.5974     0.2571     0.3775     0.5957     0.9804      1.5452      1.0   0.0145    2000.0  180.0   1.0  19100.0
0.5993     0.2588     0.3773     0.5996     0.9868      1.5554      1.0   0.0145    2161.0  180.0   1.0  19100.0
0.6328     0.2723     0.3998     0.6309     1.0382      1.6364      1.0   0.0145    3000.0  180.0   1.0  19100.0
0.8303     0.3591     0.5235     0.8320     1.3693      2.1583      1.0   0.0145    6000.0  180.0   1.0  19100.0
1.2296     0.5311     0.7743     1.2305     2.0250      3.1918      1.0   0.0145    12000.0 180.0   1.0  19100.0
