32.9932    13.0716    19.6781    32.9688    59.5145     99.9349     1.0   0.0145    185.0   180.0   1.0  19100.0
3.3742     1.4106     2.0835     3.3906     5.7963      9.7109     1.0   0.0145    368.0   180.0   1.0  19100.0
1.4892     0.6366     0.9327     1.4883     2.4731      3.9644     1.0   0.0145    500.0   180.0   1.0  19100.0
0.9419     0.3990     0.5876     0.9414     1.5793      2.5920      1.0   0.0145    733.0   180.0   1.0  19100.0
0.7568     0.3250     0.4761     0.7598     1.2625      2.0238      1.0   0.0145    1000.0   180.0   1.0  19100.0
0.6410     0.2732     0.4002     0.6387     1.0715      1.7176      1.0   0.0145    1076.0  180.0   1.0  19100.0
0.6014     0.2565     0.3758     0.5996     1.0059      1.6126      1.0   0.0145    1444.0  180.0   1.0  19100.0
0.6073     0.2598     0.3807     0.6074     1.0093      1.6180      1.0   0.0145    2000.0  180.0   1.0  19100.0
0.6137     0.2615     0.3845     0.6113     1.0158      1.6416      1.0   0.0145    2161.0  180.0   1.0  19100.0
0.6433     0.2761     0.4035     0.6426     1.0678      1.7117      1.0   0.0145    3000.0  180.0   1.0  19100.0
0.8459     0.3626     0.5312     0.8477     1.4018      2.2377     1.0   0.0145    6000.0  180.0   1.0  19100.0
1.2496     0.5347     0.7834     1.2500     2.0771      3.3297     1.0   0.0145    12000.0 180.0   1.0  19100.0
