21.0069    17.4752    21.4226    27.5550   38.05767     57.2973     1.0   0.0145    185.0   180.0   1.0  19100.0
2.42725    2.01918    2.4746     3.1839     4.39739     6.62043     1.0   0.0145    368.0   180.0   1.0  19100.0
1.14053    0.94878    1.16278    1.4960     2.0667      3.11084     1.0   0.0145    500.0   180.0   1.0  19100.0
0.70728    0.5884     0.7211     0.9277     1.2814      1.9291      1.0   0.0145    733.0   180.0   1.0  19100.0
0.58233    0.4844     0.5937     0.7638     1.0550      1.5883      1.0   0.0145    1000.0   180.0   1.0  19100.0
0.48900    0.40679    0.4985     0.6414     0.8859      1.3338      1.0   0.0145    1076.0  180.0   1.0  19100.0
0.45899    0.3818     0.4679     0.6021     0.8315      1.2519      1.0   0.0145    1444.0  180.0   1.0  19100.0
0.4681     0.3894     0.4772     0.6140     0.8480      1.2767      1.0   0.0145    2000.0  180.0   1.0  19100.0
0.4699     0.3910     0.4791     0.6165     0.8514      1.2819      1.0   0.0145    2161.0  180.0   1.0  19100.0
0.4957     0.4124     0.5054     0.6502     0.8981      1.3521      1.0   0.0145    3000.0  180.0   1.0  19100.0
0.6519     0.5423     0.6646     0.8550     1.1809      1.77795     1.0   0.0145    6000.0  180.0   1.0  19100.0
0.9632     0.8013     0.9820     1.2634     1.7449      2.62715     1.0   0.0145    12000.0 180.0   1.0  19100.0
