32.6106    17.5       22.3163    31.7239    48.2652     73.5076     1.0   0.0145    185.0   180.0   1.0  19100.0
3.48967    1.77107    2.53021    2.94946    4.92753     7.68931     1.0   0.0145    368.0   180.0   1.0  19100.0
1.60026    0.88472    1.25678    1.34728    2.15998     3.22781     1.0   0.0145    500.0   180.0   1.0  19100.0
0.98135    0.51543    0.75702    0.90442    1.3427      2.0862      1.0   0.0145    733.0   180.0   1.0  19100.0
0.83885    0.41851    0.56848    0.76375    1.06714     1.61625     1.0   0.0145    1000.0   180.0   1.0  19100.0
0.67885    0.41834    0.52037    0.64954    0.90447     1.35097     1.0   0.0145    1076.0  180.0   1.0  19100.0
0.63718    0.39266    0.48842    0.60967    0.84895     1.26804     1.0   0.0145    1444.0  180.0   1.0  19100.0
0.66546    0.33596    0.39153    0.61739    0.85087     1.31511     1.0   0.0145    2000.0  180.0   1.0  19100.0
0.66100    0.33808    0.41221    0.46691    0.86880     1.28459     1.0   0.0145    2161.0  180.0   1.0  19100.0
0.68376    0.48846    0.40821    0.66232    0.92406     1.37473     1.0   0.0145    3000.0  180.0   1.0  19100.0
0.80462    0.55452    0.71408    0.86824    1.20809     1.74628     1.0   0.0145    6000.0  180.0   1.0  19100.0
1.3283     0.76122    1.00034    1.27474    1.78788     2.6672      1.0   0.0145    12000.0 180.0   1.0  19100.0
